57467
5408
92446
25323
5128
21762
60094
75684
39000
71655
85406
76239
46718
67668
40222
46438
30456
82687
83708
52866
60042
50664
3501
98086
69453
73526
87239
30476
42708
48934
46922
61836
1022
58650
31080
9608
73781
24399
46303
55012
57754
60742
8753
79872
55981
52042
98416
22257
64697
51776
90803
47925
22508
18832
17527
72145
32333
14693
73679
76161
3603
95702
86503
71060
88585
39986
83723
4320
84763
57115
9428
66901
68396
91828
20585
32075
83202
23019
74972
77877
48517
83992
99620
68252
1769
29680
63128
75603
25914
9511
50486
74648
67947
56877
37500
18087
28307
22314
66977
21651
72566
47707
31428
6985
49389
4895
66946
80025
71167
91849
92800
97987
98698
59088
46002
46270
15762
68240
17125
81336
35609
65763
25047
12715
72761
9871
24613
38159
6226
42715
58141
89168
7754
41998
60918
40821
73107
77947
70696
27983
37410
62647
60341
64858
48458
27482
67326
70089
3065
21459
53584
59272
26860
40461
92984
32222
46128
18213
92852
26777
9975
86401
42075
35172
18617
69770
7980
92436
28809
1391
42428
58594
43165
17444
48450
35685
29195
64800
92768
42536
74013
28379
11607
84856
48244
54481
68237
57262
99893
5130
42053
15856
33676
90107
4915
67769
26884
7035
78975
63094
41612
64423
3461
2400
70477
12533
99021
51696
10832
36422
152
54082
47899
83166
51714
471
82040
38163
21021
70499
43403
27933
24768
34112
80740
12383
13132
45684
53229
19958
41791
5264
46404
83742
59228
95625
71498
43779
46453
70296
4100
43260
57121
62363
70508
26298
28478
13208
43623
3338
38192
84003
98934
95961
89352
6726
74689
57054
58601
28420
97424
64167
26456
13187
68298
57474
97312
29754
63075
62492
129
47052
36778
36462
99671
15823
9594
33929
25473
38754
73002
6890
68944
80758
3741
3458
48607
93918
43398
74262
78861
65515
91357
14077
96573
75565
60966
44361
9151
35118
49306
26045
3847
35296
78728
82798
94419
57384
8445
70525
94787
28394
89138
62603
24149
33202
45899
83602
79315
82517
39645
47349
87794
51159
12724
31176
52429
33016
12645
20766
98024
70241
45994
82480
16809
26227
792
75501
93363
4659
9604
24412
97772
23061
62413
24959
92443
9258
96595
57715
13413
29680
18807
80234
26930
35942
8537
53082
92481
33353
6688
29244
30151
74974
60146
458
35450
42766
49311
59802
22157
25441
26878
18028
65542
26256
94501
6474
51695
65622
24613
66634
18765
42572
19049
89065
82262
92052
13534
32379
44461
54737
4075
86304
38328
51146
72606
169
54023
29579
6769
92495
55614
10237
22503
41900
29723
44912
19701
44769
82712
8687
75217
41845
56886
38959
6009
22694
19370
3465
36975
20597
83809
9509
21379
64321
77919
93396
97437
22507
7486
70842
85468
83011
86552
84128
27864
43777
65492
71945
29562
37774
89995
3310
29779
10811
46836
72695
29429
28877
51688
47045
60905
9805
98035
75571
72925
3479
21475
34254
31845
74868
33066
6941
21116
74797
30879
32170
85139
40948
46953
17007
66143
60839
44151
92279
71647
11205
85416
17178
19563
57061
70665
5459
62565
70355
92220
68013
30796
50841
65455
82025
13267
54511
99753
75603
91001
49628
95995
34948
71926
21816
11049
73440
39677
48718
69677
61184
94049
35467
29424
37217
54852
62019
12597
36069
91403
65985
63043
34908
72247
52537
54703
29190
66856
4324
21911
6727
80407
83411
13549
18818
80388
54383
20966
28175
76964
20177
23858
46497
62994
5969
98556
51335
58795
46251
74473
34786
25234
21800
88946
80298
38283
96859
48974
90456
63071
31680
5668
11694
35810
39261
46190
3742
92815
74052
83846
88033
48171
48
11850
43988
53433
10724
69168
26747
11828
3377
5868
6144
25882
94972
38201
15817
71624
60332
67426
88874
20847
67104
61217
84258
99162
1819
38996
15772
58408
63918
52907
9742
2000
91029
85949
5740
55673
35450
49548
7575
88613
69196
64125
98843
25033
90935
41023
41715
94328
98740
4340
80672
46789
57284
55562
4290
37058
20611
92975
64059
83916
54275
63015
69776
81400
58234
61767
95317
441
82517
10090
96989
71168
12467
57350
30897
17930
47024
36669
79067
74576
99941
77910
62638
70682
35777
85700
62890
60090
15898
31577
17192
9440
49161
87703
50343
7975
45898
47823
38490
91448
31407
27164
21252
17377
58022
45998
28189
39719
40398
31948
6760
3036
23123
22009
25039
89992
3572
31575
8270
66863
54499
47840
8876
66825
70693
514
35501
71015
85942
91904
74867
81274
69205
8503
77636
24945
46009
85571
3805
30071
93855
64011
70265
64935
88255
48570
72693
61014
6975
26112
96166
20961
68026
77653
27517
16074
16119
13627
68110
44897
83083
3575
15449
91654
5471
52502
29974
92481
60910
19592
46510
31252
49488
20422
6929
71845
35895
47777
86845
85871
36862
11190
44728
36070
49828
95959
36900
5287
70999
90980
27099
61229
79088
56486
36348
43682
85118
60992
17983
34389
16509
62319
49096
26826
75128
38451
3901
78419
34595
55397
49635
52099
76673
47951
29631
41510
12391
19606
14549
78428
20372
77215
99224
68330
62732
91893
91712
14150
54014
55107
50943
40835
67895
325
98266
36597
91676
65628
95340
79594
41097
82843
72472
31699
95026
72996
1967
68464
55370
32944
30945
75379
62017
49543
40628
33988
77934
7163
7345
21731
52368
40704
1031
19002
19
77570
15255
45938
20691
11376
62113
84024
53210
55097
93348
58847
23207
85271
2801
71276
99750
15873
41756
60003
5994
48327
76566
8988
35525
75488
96707
59345
90381
78915
9302
99398
84343
70828
6778
60011
75198
21357
85283
67603
83339
29947
63513
99777
64053
15480
36650
95153
45554
60497
87683
63512
12754
19426
3607
11652
82689
95289
97339
28743
69452
92961
79529
17487
80214
27025
55643
82561
3077
68874
58797
87
54928
16935
24343
10142
82547
20621
21166
96723
62104
36585
99522
94592
34967
28081
5702
26696
76212
44434
81664
80972
22931
18784
34491
56816
41361
84086
917
60123
86465
40118
99524
72713
44388
77853
71652
44323
19148
70807
79572
68372
55170
70535
75232
94033
69675
43512
80200
98807
29948
83526
58148
6398
46021
5851
46234
25664
58005
94764
76706
91098
67951
19537
8983
74636
11843
30711
75934
99585
19102
42326
2240
71085
73792
17200
25513
78898
73315
67054
64822
4011
853
10979
16063
1849
45437
76232
74188
70548
16017
89366
63828
33769
21446
81375
95011
54763
30453
4341
1541
91581
61489
81232
44913
40967
83484
85230
22165
55397
71628
96500
18320
88875
54238
39222
5072
31839
51034
53284
89944
79674
56239
45016
94026
7103
68891
9594
24950
27115
82807
60218
21344
33871
12164
37816
16664
93090
95607
99306
71997
52913
29140
88765
73884
84933
66611
81493
9882
79759
95915
84903
5672
54184
32689
38579
73060
69695
26232
18281
7372
78594
90687
47156
41290
32922
93
20667
51551
59796
61575
54658
77545
63705
68505
84377
25961
35915
24735
47343
2704
27506
54060
89152
47861
42477
61809
56063
28811
81460
30334
76659
11914
2137
66071
2414
33209
45781
99158
84040
94784
24401
64658
41463
99932
55129
52765
73917
48485
12938
89694
69932
89569
95931
37902
41409
9794
2225
61773
80689
22363
90766
350
37787
7101
33317
66587
76152
99899
75283
91700
48434
59950
6281
29323
65627
95295
55076
36707
33570
21012
67050
37726
74066
34763
90627
66688
51149
31290
69923
26252
66664
44143
692
36470
28460
12529
17503
73967
84192
3393
73798
94911
90906
91511
3313
25571
67494
66352
6529
59681
70680
37175
93261
74214
72363
13981
20309
87363
61798
30782
21676
14465
61805
88963
41284
15330
80785
37505
1324
76178
44281
73385
74963
63318
97670
86275
84083
51966
88103
36220
49444
43810
21999
52590
23282
6333
43863
26642
74998
37846
91584
46612
36226
90055
40385
72632
74168
4554
8018
9270
73468
71558
83941
1987
98507
89453
98632
60412
58211
71850
80345
4302
15494
96895
97268
94296
34486
73235
46857
36283
15152
83844
85120
29558
78493
56826
83985
78469
70928
65554
36533
11932
17021
98427
30336
93305
37819
26980
95741
20021
71206
73424
63806
36787
30754
59295
62380
23890
31045
63150
20557
72448
65361
48801
84797
69715
17863
98886
1768
70526
33961
59582
35490
89566
27166
10332
93347
92464
34394
26900
94944
5076
26701
12848
91597
832
36736
30550
33117
37918
96077
54423
89261
6374
412
67868
70727
9535
87026
60580
31915
58337
65720
68145
1420
86420
22939
77963
80363
41652
16770
27321
92342
97061
71905
12940
91557
12476
96419
20990
41227
40051
58009
61411
91577
74793
75042
81308
40377
73896
11270
97720
23215
22138
42851
795
81481
30023
1555
1859
15403
9865
53591
5418
76045
45261
99167
31411
55507
78725
44183
87799
11197
81478
11980
23826
98791
86153
25503
45047
263
23258
33562
82586
10019
17141
12804
72159
93374
5414
84692
76885
81576
41554
1563
93954
83600
44349
45627
44613
7629
8098
83870
61775
16465
5141
96122
31291
21294
90349
42956
36863
7960
75554
34874
69835
73407
32389
45601
49098
99278
9409
37320
82861
9371
60059
17043
20317
70150
92484
63092
18123
22725
65383
7831
77453
60528
20144
88787
19244
46355
68713
84814
85012
89548
53366
7496
6633
17889
57538
14199
67205
76576
69814
66525
14321
14846
95783
7137
59444
16403
52400
90398
36446
33208
23571
15201
88635
46755
30208
13398
46867
11910
46072
14853
45650
9562
30925
37224
82757
54323
44046
33683
25776
91927
26964
30265
23623
14099
18572
20184
3292
15684
77879
19897
45201
10584
11525
82311
55463
52487
74563
2703
21048
92499
49302
43146
17865
49393
7835
80948
9752
33512
45146
66776
15590
9760
88266
92438
55724
76002
68457
14047
99565
99555
81530
95282
65908
74139
10954
90382
5208
52234
23560
61036
62527
6946
76334
57099
67579
85219
75764
68893
55149
11979
66631
87179
67498
26771
91643
24674
36624
35797
76482
77836
28382
59254
6455
55250
20948
28712
58841
1367
99010
13612
32278
30598
23078
93670
49694
7435
52117
95624
30433
42060
18323
82303
82415
62687
63177
25845
54253
8644
13937
42632
30160
40710
63871
58429
129
56873
69244
46714
28190
19909
92242
92465
93017
16036
47256
54022
99426
66692
58673
52135
29582
86836
35417
51307
32114
66948
37608
58920
46054
68569
11658
79440
43949
82708
31128
24339
49571
90275
2891
33446
8014
18391
37219
66057
17547
1807
13364
62778
71904
62343
97515
55320
27138
84177
97367
81346
84474
91915
41503
18853
10547
20605
36663
39280
40311
79369
56971
81050
32853
69568
83107
63919
43463
58181
87603
97397
98411
81518
25569
82065
9341
90357
56663
36265
58372
45182
68459
28674
89950
6760
61382
70997
55766
81513
72208
76814
37398
7093
80558
8672
59514
86735
28646
19611
50096
61138
88820
89482
78771
98040
47785
63373
3522
17936
29629
5512
61794
9914
56096
73481
74863
84380
19489
40330
41021
67261
35671
2173
71963
49256
17881
44311
20596
75204
36889
88690
63884
7507
29441
77768
29150
20120
81348
91341
67184
71403
87922
21761
20667
12504
99770
47775
34175
61400
17649
21667
54282
26808
72649
95110
29317
38906
75581
6784
4074
27566
19166
75954
19725
10698
64811
44974
90446
19834
67117
51500
2275
47083
9810
87009
82035
7611
88861
36023
48335
49095
23971
18231
80681
70802
36064
43334
90172
72298
17046
282
70241
77490
43736
98183
56357
79785
33474
87095
78236
95479
86004
79079
67428
21591
20670
34548
17627
35154
17411
63255
95697
63906
9883
54045
44933
27252
61779
82258
11050
70437
92166
73500
43
16550
53782
9870
96839
48401
71563
37403
44649
7073
43668
15777
60630
65787
77759
47851
57614
59234
40755
18823
33411
86273
88905
24197
65477
91799
72137
88464
45612
57070
57569
67267
21403
31659
26840
71980
27193
95338
62693
60059
84343
64516
18064
15324
66162
49421
74424
28584
33489
79957
36450
97535
57852
18725
3658
31725
93419
73796
86995
4910
60189
14593
16218
57528
40909
65126
37533
76893
80178
15791
69658
92830
79629
72879
20337
35220
20902
65563
80878
13393
17940
34699
67010
59513
41239
69371
25331
3094
63882
14984
13242
5943
41434
55304
68517
24706
31878
23355
80097
50157
53224
52803
72105
75588
69939
89375
84822
60719
44499
74348
24033
97966
2198
26151
65678
48541
13021
15429
36241
39818
32619
39289
61482
12476
3811
32986
12702
92294
72015
81143
12530
83824
97574
3451
92575
68654
69563
74233
73438
81754
20006
11805
17683
94335
26674
61449
36203
99607
91248
28048
94086
39867
66106
47203
36854
2543
78931
63166
83606
81723
36561
2485
75480
75220
44635
93704
90590
15402
82347
40823
62153
89833
6163
53494
94774
6395
48641
86396
86815
30099
1015
86659
23296
88864
65500
48613
40352
43599
49815
76382
75900
16049
82921
28801
58825
84018
72113
91607
91623
96490
43590
80318
98496
63321
37040
2496
8502
45474
95284
36702
99391
31176
237
29037
45254
20486
5839
53351
80729
52834
50557
20668
47728
23848
8994
51708
76127
18253
84957
97210
71646
6164
56886
37177
39086
73123
98858
5181
31755
27175
60733
8860
7710
30473
99730
56868
7569
58856
10573
70429
59736
55607
62065
7654
66680
60069
89427
40489
41182
85047
45504
81375
24514
94403
10611
98355
92971
452
68896
43308
96869
81260
58052
99486
83369
94105
85157
29347
76444
83712
1523
42280
47423
79487
69258
28410
26226
6754
98219
92732
66542
65846
94912
24565
10696
83203
71169
89488
27408
33110
31607
53712
52596
49182
12886
28970
71091
11858
26733
89584
49247
23688
24799
80652
97216
19197
63272
23186
28941
15227
6604
12588
23524
48866
92724
95168
43508
60284
13244
93856
36114
45152
18613
14158
23292
82717
68927
89157
8800
12000
72927
86450
62808
75703
19034
33602
99721
76602
96304
80262
86696
99452
86456
1926
75362
93717
33635
46701
21321
76963
97936
70399
2111
77215
33127
29886
59883
78637
67172
16984
17742
5167
58049
4656
99291
76851
24177
24682
68799
30155
8066
12326
83195
61734
89236
89172
30627
33851
98414
32347
33844
6546
10032
87338
19043
36991
31
52163
91884
11777
84603
59620
65000
3726
2962
67576
42475
50558
17564
89960
44041
50055
59438
46997
29327
11216
72460
53926
40686
75022
21091
6289
55100
53432
84883
51442
25684
64139
99928
79938
12779
95485
71076
47125
75304
435
29891
56365
10462
69290
52695
73504
46123
45502
79967
98151
46500
58811
79175
51889
34688
81877
32033
53104
78821
46458
20337
38648
55790
45159
56084
89927
67905
51659
75236
12529
30823
94391
94723
79222
75567
19695
628
56663
27723
51012
56633
18790
63620
60031
49813
4598
14319
15495
16682
3217
63931
60767
33345
15460
77652
20657
43184
83467
48546
35189
1749
26565
9967
65883
55257
28359
16156
44994
3647
71855
30434
45285
55748
36631
81272
67999
1245
89807
81100
9244
82965
4264
33487
47686
22572
801
51432
5534
35490
68846
20874
24658
15637
3723
88000
42340
22771
67204
26620
94686
9108
95966
4086
45958
43109
42303
29040
73343
15051
86590
90562
35017
97198
90221
8592
78808
62714
71301
40586
86854
44291
94486
35142
65098
3631
44012
73614
64251
75849
74674
88356
48050
42949
7113
36116
80436
97266
77029
53582
23910
95957
14235
86925
87791
52826
49867
68925
78593
51162
26780
47501
19676
93432
7155
36756
34528
43319
65246
67939
72018
53542
59888
87924
96218
28211
47601
39271
97586
56653
91027
15668
20230
34461
38295
64570
8416
48384
78659
2748
62215
47333
86240
64375
31219
28999
47388
78564
42500
60974
77542
10102
64629
53468
56029
76892
85729
60113
28672
12865
81233
86650
63659
53644
56363
58172
5885
9299
73018
10274
465
35529
97842
37685
93029
86909
61446
15387
13333
52671
61347
91614
84518
33169
83004
87454
29626
48030
31687
51320
51602
51085
96876
70906
15392
36736
41112
60906
63210
38689
91549
70429
98785
57071
87437
64388
90375
79647
34768
7013
442
29320
74640
49881
9074
4021
45139
82905
10190
54924
92501
50203
61973
92044
93206
54122
79836
96326
10569
53967
93238
3558
29184
21237
48382
17599
98355
10651
90924
99475
5200
20131
85875
23505
8099
71658
29553
88528
72773
49945
25657
22448
18562
4940
6335
52464
40775
44859
59046
94236
94549
64141
9853
71808
5905
82456
44213
77346
29224
69848
7546
64429
41007
40012
328
35786
31600
61249
70966
92228
47396
97494
39851
68062
14922
33535
20730
38032
52512
28186
66569
50005
76037
1874
87574
53510
10874
54290
81064
33786
49523
12345
10978
32440
98458
43854
98043
57553
90557
86290
11403
7012
43916
20904
31922
93902
70658
95795
54581
29252
41109
73411
56761
17948
44722
56856
96223
4790
510
76959
67409
93444
20014
55340
44213
41543
19786
59092
32504
83015
17388
23710
34879
82196
84816
12840
25273
85309
68985
85056
74681
90003
95237
98581
94288
98182
36268
87923
7276
23065
45705
55474
4787
40151
26244
6917
93401
15061
12934
73435
9709
29438
81480
57301
9547
88793
50027
35801
16441
87559
95762
90958
77419
58455
41339
72898
54211
45683
90605
51386
2605
73192
98772
45290
50229
68505
41364
93262
5459
72380
40936
86431
71655
88792
20364
79302
57062
70600
91319
34552
74211
73813
51923
97727
92717
64293
77743
29820
83269
62898
69348
96012
53024
35510
34994
15429
6510
75610
95961
98780
43908
82147
62544
60937
3349
50379
79326
51076
52526
3264
21249
36126
6701
24389
93736
37982
65042
78
15912
78299
63792
76277
62556
91555
16688
3227
25150
76951
90213
40588
8942
35423
76799
14480
92082
18667
21119
57930
44970
32425
447
61011
6012
75045
40669
14986
66357
12319
2164
61351
69557
94689
76062
76837
44813
20917
25823
80968
64159
81904
10153
94418
65002
39592
13165
58169
99199
81349
71545
2350
16702
67279
92495
46836
45518
98862
66400
87440
1221
97466
14341
11277
10218
25289
64861
21080
20417
45966
6976
66498
73518
65747
58517
96183
99518
8854
46356
85900
40895
84482
80067
17843
19127
17049
97081
81679
9687
91230
38129
34334
83593
1663
80589
54237
79537
26983
31294
27492
74378
78569
67174
63138
13450
29107
36135
3339
73402
34492
30601
58147
91950
80781
81290
74078
25971
8815
92198
66624
62138
64889
68009
73982
99372
71553
59128
80735
46247
43727
64871
34468
92402
83860
97997
1894
22107
85942
31342
33177
40000
18990
93951
16415
77138
38230
82993
9141
25811
95637
67295
22635
57909
83637
37650
2850
36804
42333
37037
22334
99854
96710
78877
85028
71233
54453
46188
94120
9871
44804
91667
56246
55982
93002
29362
84049
32871
20179
37788
12295
37364
23701
20519
1590
33195
58122
92439
78127
29286
40939
94547
94449
56967
85091
58408
40706
70705
48108
3548
16995
3654
2297
85754
68620
47997
26648
94415
91975
45171
66013
43015
62546
31680
10702
44958
77444
90018
14312
91853
26411
22726
44331
61731
79756
66021
17311
30063
31556
55186
86267
52859
79009
26196
56573
3767
96011
53477
38492
28838
67537
51541
51091
38762
77557
8461
33413
43836
92081
75174
95596
17667
14815
10376
5456
52280
42750
12551
123
43393
25070
69464
25679
14839
39672
5992
95588
29301
17471
35446
42726
87683
29665
51641
40609
58862
18879
65553
96786
93107
65137
99801
53143
31398
92232
36467
31338
40617
4847
74168
54364
83399
87715
34883
38585
73230
82147
20448
60405
94653
87639
34420
94569
76564
29389
18089
28376
48677
37195
86487
51391
70702
61248
49048
3125
12581
23350
21471
35111
11911
39846
93413
66988
78578
37217
47196
16040
18971
59201
97966
6316
59347
39731
99238
65585
29589
20460
15234
26661
71118
62449
37357
79027
20050
43608
34306
69015
61911
42574
29023
12822
1720
41546
21437
23169
6275
8735
98909
55623
70093
6765
25382
2936
73805
8643
97016
39012
5458
40714
27035
72009
79937
53048
67981
11433
75456
19992
95543
78640
11974
11039
89219
93900
73938
29319
42385
12814
42758
12466
37028
18834
37036
60565
50077
89851
20639
21924
15008
35512
35140
36908
77321
83842
68427
85750
64948
83853
88129
30200
63932
24816
23745
70536
33198
50249
63203
8666
66623
43871
5562
83267
71432
73015
26285
290
63282
37833
20890
344
66759
63280
52202
57599
35216
33936
65556
28108
8726
51773
84805
44209
6224
98561
92152
23379
33453
40338
42691
43656
25147
82012
64078
26900
22295
85033
93323
15351
80228
45295
46062
47055
47644
44261
30354
50424
1819
61963
71588
69891
63885
12567
87202
2811
84505
65621
2866
33701
37563
88368
93051
82712
29396
93374
22896
46756
42473
8033
58787
15815
14670
27932
60704
84691
87932
55599
48089
31990
57399
8396
22674
80788
64642
72724
30136
34255
70787
93037
13995
52988
17756
45998
25819
5143
16619
98859
40252
36953
89607
67877
65103
80416
19873
29678
71022
81144
82711
61467
47600
28956
74678
84676
57148
1364
17505
75220
57873
74436
90038
42352
77673
32977
37086
82909
58163
65080
71874
25008
79445
85645
76781
58992
32012
13150
40278
47634
13674
42448
67925
4208
27185
32480
24030
96361
55434
60753
50625
65264
24715
17194
10249
27860
28268
18998
2644
17391
12034
19372
96197
79094
524
25806
2211
64303
17813
49330
44710
41776
46018
68749
92959
2021
24403
3044
65478
88906
70371
14059
11959
2006
32659
77319
44668
69376
93084
26134
14950
46548
94210
72327
78234
58598
35841
66877
15705
42949
39898
77342
9550
1356
24368
54288
92572
10722
87673
56931
29434
15780
64501
76814
1038
51484
69532
54779
18532
9659
50901
87421
15976
25538
70966
92438
2607
40866
52382
88200
50658
59782
82123
53284
59785
86020
79536
12517
84830
81792
41284
21869
45861
57581
44291
87131
14927
54335
85653
56301
77073
86298
77896
68335
42452
99152
9947
82867
54603
3506
76618
92845
28664
20355
65731
19796
32621
67713
66832
5562
46290
40181
48973
28735
6240
48986
75519
66896
82147
55306
38973
17333
91156
37261
50893
54827
80198
63039
93913
15989
73966
25669
55257
16044
33352
53332
70494
33494
62602
81607
99838
33667
32442
92110
93405
13092
14546
64559
737
35258
64820
19005
69454
75874
97573
12649
88248
39443
3196
40779
87730
61248
29103
31938
50843
93936
30930
69211
27341
82148
14673
63508
21473
57234
94423
78331
42175
12957
51979
91806
77233
11170
47623
80179
64171
70714
64768
98918
73081
69159
47901
18791
18165
34738
63584
14502
66389
6729
9414
51933
72417
92135
29100
83508
12740
69899
87521
46574
43291
40287
64501
79470
87531
12305
840
79155
13460
27489
23812
24785
26893
94245
4627
8006
97266
94531
92533
17580
25228
75659
31340
74397
23049
32013
65949
35416
43293
73089
55372
17610
79255
42110
45136
47604
91655
40200
76546
60482
23283
77482
3094
87064
44990
64264
12298
83542
14224
95205
61237
74622
97809
33218
34413
1793
77435
94373
21014
66548
97157
91309
25416
72750
69862
58609
45772
4860
41375
93906
91037
1001
33609
80064
90343
77755
1434
23727
67208
42824
92334
25715
19493
23182
11100
4626
80015
85836
86034
43346
15019
36414
83216
2969
85560
73633
49298
50310
78751
3710
3221
3524
59435
75971
35283
32477
71895
53477
28492
13820
89305
3748
52112
87386
12480
91351
521
88817
99196
91382
19300
24492
59227
71299
19591
27562
22849
2003
23674
94757
81060
79683
21674
30517
32922
68702
33558
83237
20830
54567
61297
5478
26141
67947
9544
30786
41772
27305
76517
44434
69605
81891
57055
30276
95889
62452
75910
98210
43564
79655
89654
14805
17703
95276
62332
83735
72810
12136
71533
540
18185
86278
18766
63419
86364
622
75784
93573
92995
77322
55793
32267
55737
82192
88217
5634
92012
7650
68236
70867
21018
74464
56018
30381
80490
53246
68793
61291
34293
80914
41084
32559
13920
98997
11546
1399
93974
53777
54227
63802
20280
46026
69085
76567
8298
10850
52662
67361
30831
43776
41735
44801
73730
52945
66071
75768
75099
64112
25402
63366
25233
76041
8601
74806
58688
60210
80284
57165
84073
18553
79040
18937
5863
79984
23014
31274
19593
92876
45890
87452
25695
29602
32483
26261
79033
94503
22083
12682
26145
46676
77817
11294
58437
38983
4346
27750
88090
42715
84810
94300
77313
96066
18018
79686
48986
67257
92224
90312
23959
63165
61812
83772
53761
8779
24408
74535
86246
82092
48584
53862
25547
81913
84155
43385
42973
84854
37337
5546
28623
28493
91734
78220
32271
86580
66050
11875
19065
6685
31257
56306
2260
74156
9630
72418
64804
90511
95423
57672
41926
122
6941
17764
17343
6495
72793
77322
43658
82658
771
38019
30362
86136
99
50946
77377
36307
2684
6586
9348
24920
51363
89809
99897
34935
51482
5309
7180
19762
19693
46477
2316
93914
19924
13671
95325
49660
86123
80078
82088
87671
76093
68984
44278
79872
53269
97360
60315
3555
12263
68114
54405
58491
66138
21706
25655
30734
19209
31788
3630
49313
46817
33056
36853
89936
75052
83521
32727
9940
26924
22643
41684
62301
30979
18498
55709
11945
92559
7595
68804
21472
69680
53446
50891
25439
66444
37767
73896
80078
48996
10711
83735
2200
64765
40779
36125
42834
78605
5674
70302
30179
91113
61207
70986
72989
78150
36992
51996
52158
62772
13912
54381
62855
17926
38209
92350
50561
78791
57405
66312
28375
19632
54420
65999
75691
13606
33977
63787
90341
7968
91477
72017
39355
17425
10604
40003
26910
4740
76453
79405
94406
19167
57512
94851
59300
14322
22905
40390
30429
95542
67965
8491
965
89154
8727
64535
85042
62862
86115
35799
44322
42799
63831
14711
90613
35091
96513
62301
47239
25449
55642
77180
35956
60682
84758
79867
50619
24098
67542
31280
714
1186
42755
22399
77483
3410
1971
36029
49666
40320
71960
85581
9037
30098
19905
79947
71266
51567
36721
31763
34634
62944
93101
44679
7863
26066
55497
69105
79831
36369
47356
94294
33091
99661
36760
68884
43961
56957
60370
60543
44922
6399
75348
80357
24599
13330
50952
43843
37186
93512
25001
4117
15857
55018
18384
10655
43349
70734
95882
81450
59864
75009
48874
35643
4103
29653
44329
80292
90530
12634
51731
51934
11366
46432
91161
18430
21669
36584
48451
81806
31567
53672
67930
39923
15742
21070
94278
22620
91567
96023
10330
84886
87897
83987
89761
41761
79098
33932
69853
98295
25409
86929
11486
73295
84691
43597
53234
35034
31207
94027
46616
45629
8654
18746
22735
36752
87616
20267
8653
15363
51930
57688
84183
81248
58237
84372
7019
52639
54265
47989
27111
7955
38033
37183
12556
30872
60167
69230
2893
39058
2888
7114
86051
73386
75215
74264
10402
61407
78386
82653
7929
72741
91437
14277
23309
64483
58928
85620
91558
67970
16829
63446
16185
396
75967
26783
69436
29661
23856
14014
77502
98034
58243
3749
73175
33935
73022
910
54491
61816
3921
68792
84644
85425
78554
48496
70943
72312
89164
8116
93473
20930
59218
13788
61974
83369
99721
43364
85030
53888
63368
44889
60067
80829
72957
95071
9439
40464
62748
55021
99227
36679
59913
80110
73841
39776
77855
8861
12203
12244
51220
21196
82891
8488
83601
17112
40519
7851
79335
95641
46855
46386
38584
18510
85985
98406
58178
47214
13488
85125
21944
42847
40794
26989
91603
86339
65433
4978
83531
58475
45525
94854
10221
90623
78640
14498
97785
41131
23452
18136
15260
42870
23685
32416
67986
77308
59520
45261
73236
18967
36177
61610
88715
94758
98002
64431
30985
16251
58494
46410
90536
60259
54528
57769
46100
19177
18922
37551
45042
14672
68955
60717
98714
83831
45004
20172
38920
45840
26660
79349
68472
20496
68289
19227
78056
27377
36701
80394
95242
16083
1545
8081
18637
27982
85199
85187
51516
57768
31200
72980
34136
43243
11613
85208
283
95525
43032
20456
97866
61952
94017
25690
26160
60638
25239
95489
95589
70260
58475
58719
68153
42166
7090
69623
20942
42364
83591
97327
6111
42946
47285
22490
88105
45438
33488
87180
83784
14615
68988
38109
47103
99170
71476
58924
21582
43204
36474
57359
28552
52280
32482
53999
72626
8115
41232
13019
83143
50029
89000
93843
20248
59290
99537
52913
93374
24925
17503
91242
65178
42192
30842
1170
22675
55124
56680
71025
67994
83407
46252
91257
76157
4181
21228
60466
11875
68700
5736
53816
35260
65226
21031
56304
65565
15534
48995
66488
3609
72762
8944
4905
66943
77297
29446
81963
77370
19783
58686
27434
88712
73488
60282
13400
52047
33104
73804
59493
91172
3398
86446
69441
97867
8649
7555
73219
41541
21490
7219
10879
59577
96769
53659
60471
1469
50120
68695
14658
10181
65491
24487
65770
5467
73652
63754
91734
48335
60099
65407
88926
73899
44830
65811
63337
90096
18048
35628
35661
74233
12114
41587
15406
6863
87100
85815
39202
25730
29059
25836
53172
17377
98032
39009
45560
78257
5895
15022
46739
35569
17399
94996
81954
87674
98036
68573
77572
61042
68066
10193
36072
1849
16744
35550
90793
98944
9621
58303
32822
41854
60030
99375
21704
15309
28683
44711
35722
51389
33670
23839
1512
64523
71777
98029
50992
36535
56836
46384
89484
60046
44549
65103
94957
37407
60211
4244
36481
90966
87192
84255
49321
58628
70060
18703
65988
76460
84070
17305
13593
53993
64891
24572
47514
77179
57499
18775
45351
35995
20737
84026
79930
52832
12074
27899
74306
73554
38611
53335
27606
60267
43106
80724
86777
51827
73187
40240
10069
96258
80301
79091
59448
45977
16378
66821
51463
56432
11892
80442
5159
28650
19712
90581
81896
73612
88539
94222
93752
75961
61651
50249
55761
63727
34061
83295
62244
63183
72574
58832
56077
94829
16433
22441
52543
58924
36833
87901
2924
10802
24623
23572
73553
43676
98585
90882
83256
10754
63328
96403
10191
84839
10648
82791
7011
68958
89166
17859
56403
70154
59180
47544
27656
97287
95409
48263
79028
48882
86846
36851
9841
83597
47200
38076
93560
18872
90943
98102
40981
14697
73452
93980
55437
86246
27747
25111
89358
36999
89362
13904
21815
82175
75393
92007
76556
99813
5843
70032
11118
14335
10616
89943
42968
41592
23695
17166
41690
22988
49632
29795
79309
93972
68366
26165
17242
48896
51985
91791
1538
54288
54590
37660
90662
4160
66303
79471
53249
66967
5950
32991
51360
96191
25232
35030
99959
52566
79019
55085
81814
60053
54615
93715
81953
36360
5329
88589
59171
82109
71965
84369
36599
6481
58134
23188
29100
99011
67638
21474
77699
49321
41406
93327
73557
75898
73202
52523
53747
74889
79925
46712
24494
4526
7816
58954
4378
92800
84287
93795
19682
38190
28265
88175
82797
41070
73923
41361
72743
66252
75504
57992
27315
25165
42246
37495
90475
3757
76919
89480
37138
36080
9050
35724
15752
52109
48520
96496
28480
80386
96822
92382
10609
10205
52714
48044
44673
13204
81955
90238
68449
74891
22226
47691
48360
78257
5673
49163
83507
53552
27797
91047
91743
76247
4501
92082
7139
49596
97222
7647
6987
40192
95603
12466
60204
98710
19066
60433
68752
23892
37117
25088
59397
47160
16986
94161
30785
58498
50347
54314
19292
2088
37285
36668
65466
23274
16078
39864
81846
33203
75176
24954
13643
37978
95904
58858
5843
28751
5519
93484
27057
45430
56752
34313
21281
198
82935
62194
50832
34506
3170
4283
78867
60125
53470
7888
91326
94983
71250
6801
17560
82370
47404
3852
64368
57948
53816
42534
45268
28598
4235
78438
19526
75256
15729
39862
55085
34065
73551
87286
90275
97463
56910
95394
44260
87464
3550
42061
3362
88741
2244
95770
27222
20638
34494
55255
3670
221
82823
48010
53479
9843
16522
80839
81705
66087
75531
74747
81937
52584
19228
1241
82131
56817
33494
63808
69176
49604
49967
46824
61893
27868
39609
66187
98298
50249
46112
68720
69767
52381
15131
67794
43450
61280
22218
95195
28921
21869
51532
1291
178
40758
86825
90016
53743
58544
35282
84720
64805
20452
78837
26715
12441
38840
44291
29193
338
72078
85300
92466
61816
87807
76480
61069
57012
84722
44798
75328
41813
63291
56945
99175
92610
62251
92301
27068
97577
79142
77295
65381
59709
60920
25902
26778
39272
14227
6160
56541
54052
85703
8268
17152
77599
4236
15564
97279
31163
32328
51967
15113
39648
4563
67645
11656
72769
44316
38588
28402
86856
44169
50731
93412
51510
16516
57844
8248
42360
3370
42289
34070
68851
1250
68255
43611
43858
38936
66876
71475
27102
80873
8921
32430
74173
14009
14314
9100
32951
46414
12423
82725
69847
76452
67973
55160
79035
62308
58405
21740
97774
78246
83237
72620
53503
34720
60960
41209
5968
40351
60422
28149
50890
38580
65805
51205
43237
86196
66941
20879
31967
30143
9542
65298
22689
52590
85482
55519
11205
15474
28527
28222
65524
92851
37222
16736
37956
1979
41891
17668
27284
68722
73697
75318
38865
60010
3337
28209
4363
32709
78948
67375
64749
3171
36395
8516
46908
37842
34242
32086
8964
63594
32731
43037
10758
68738
58853
30826
41309
71294
61179
6126
23269
15710
45329
71833
99142
57255
34623
95240
32491
87135
45650
3604
87211
82382
65258
97817
34362
89405
94171
59743
79288
87018
59086
1020
24163
29004
60527
48695
39950
62731
90295
90070
19339
39245
48707
2783
3379
60113
67133
60796
82326
38856
85860
61483
98521
64019
6555
46566
82671
16882
3730
99804
20663
8142
40958
66970
98901
22957
5472
26958
37827
80822
65922
23606
51709
30808
66004
77118
46243
48386
99042
21331
32241
91057
76907
78143
85334
66302
78283
41470
92767
40972
2409
97815
83913
56613
16825
42913
93701
65376
57096
56299
87897
54902
6973
72882
6518
39855
51483
91944
74163
61720
44148
7084
99673
74670
86588
55367
56174
81802
65013
5439
21163
27818
76218
73704
88903
21281
22840
47209
71048
35794
82498
59280
97576
19008
87605
3720
32690
66517
96982
5308
71366
39343
87546
29656
14601
24890
20956
16686
44627
67329
9794
91466
63115
21206
20964
32517
65146
39644
9337
66593
37466
96273
56367
52735
20184
60867
78505
46291
85621
26961
3330
46865
69490
3604
88607
48068
74184
39408
70416
23875
73092
4412
39578
3033
71298
22654
26274
97683
35820
32737
22958
79068
80241
16004
64456
74859
41104
63959
88074
87766
47876
63267
77957
25485
96945
31990
55403
37591
86590
69096
78142
35297
70352
86235
88043
90862
88276
21870
49629
97066
38386
62434
96837
81165
66910
97084
34888
81603
10428
10234
70971
48916
19679
89946
44364
38526
21726
91704
42303
99932
75255
30376
22776
56092
78380
80190
27474
53281
37811
7023
3222
40901
27904
85020
71892
76913
23259
97039
79402
26013
46581
3447
22008
22088
89173
2416
27880
75297
79597
46566
53356
53507
93693
35082
69657
29762
57286
8187
75825
2537
56152
91947
12868
35640
15320
98247
52401
80208
99090
90743
53166
73696
91694
44822
99427
51473
80311
59756
84131
78366
93433
75983
94059
81938
86775
98357
86064
40177
90740
70159
75382
17995
97965
16823
2738
1514
40304
46758
50114
14651
93957
42985
23847
91886
52345
93178
16243
29677
3218
8036
95846
67686
99375
60284
61023
40466
38513
55045
31239
83421
54989
96119
39939
94620
13154
47126
63370
79579
52166
3104
86638
10913
82585
25838
9204
96315
80162
29680
10779
70605
94829
95186
19674
70386
89942
18825
21919
17476
81992
86157
92345
82944
95977
73208
57368
26302
17604
63684
4520
83455
48835
67953
25385
95476
2595
36415
30319
80982
45872
49162
40250
92553
26253
46570
94768
97407
59273
59874
3945
6293
39110
43022
47442
72133
84776
96730
32310
50686
88270
57891
46784
53842
12957
92074
29123
5247
43530
88068
62754
44166
60620
24566
19172
71511
3049
92099
59237
4267
98334
97083
67730
53553
53713
1080
66484
55595
15694
30469
80036
57979
33055
74724
63337
70223
77985
5956
42731
10281
6748
33872
75445
35104
89172
10521
45849
31011
54370
81660
97318
2432
2128
98535
2471
4906
11193
85297
40676
33593
23701
17721
71292
75915
49453
13330
51412
81419
92759
66364
79207
63092
93378
3149
99029
63970
93266
5967
55851
34671
89978
48358
80156
9599
50455
26899
84428
40788
17276
40015
528
20851
49334
37739
5113
92428
31105
45469
79413
15391
19904
81674
60290
67089
75193
29401
96477
80103
42052
83026
71747
30403
81683
22548
16070
84295
13601
91072
21592
64496
52296
43736
35286
32714
7200
38975
15451
28750
91623
46232
17215
14545
20315
36308
63387
4540
57877
14104
76975
95300
66068
52078
64163
6421
27031
1249
33934
9672
76801
79355
14494
30879
68263
95438
57446
17150
59530
3017
19052
10171
96825
58528
13588
47935
98819
93599
49538
24802
35609
21608
26661
20539
15590
48242
44052
98204
81922
58179
7806
40105
82651
147
69726
63135
83720
3
31498
18546
97841
76813
97608
90738
23826
9947
85566
22572
15911
26622
78933
86165
30306
6797
61991
86613
96921
90397
68887
79772
2855
61364
22726
98725
73577
76444
679
52078
51513
39854
16118
2823
19270
27827
40156
91322
13819
30840
47043
5375
64818
2752
94204
84106
57699
59895
94257
73443
10600
53001
53745
71821
86777
10930
89832
53476
88246
51364
89176
9233
54702
56127
79124
79380
16478
3606
29481
33502
25643
65885
30801
21683
22861
2249
63284
89501
37634
42356
40991
53416
79277
94686
27502
31774
86776
9109
3705
5489
43879
23631
96658
4891
2463
75971
75953
41725
83699
23208
98035
82776
82107
86951
2039
76880
64840
73139
94971
37284
2486
26297
6818
41100
34037
91541
42152
13194
36753
14848
6188
85089
29279
56964
39138
81156
66716
77009
30652
57717
57674
75101
19190
5086
9491
92666
68484
26008
48321
38903
11799
73191
49972
38339
5818
53431
94040
99114
67599
76178
25841
7224
80479
48695
78051
22243
18228
19128
64547
21208
5582
31171
82918
94525
31437
34661
80734
19409
64331
66703
15723
92173
20758
75361
89618
84241
24963
7259
2233
62881
84937
73905
83183
20159
56120
90241
23833
52472
17412
99043
65508
32314
55985
38110
63594
92089
82006
59295
89330
19665
68635
57723
99848
64064
29677
76698
92162
34159
68692
69162
3126
81340
75245
1121
84911
72215
10936
88767
52239
74320
20017
79020
16019
9967
75946
81080
97562
45801
88813
52998
45326
20479
21805
15969
19565
10640
48
29766
25508
81721
63535
679
64590
23695
86642
98164
18151
86995
67139
55266
4515
79870
12633
25506
59894
26260
21635
97177
70296
44403
30333
47020
47324
83652
88576
68652
39801
63566
40579
4232
53957
28781
38328
52660
49772
55375
50355
36081
73276
85694
22676
26055
32085
13584
16320
92807
25892
7880
87701
15563
55949
79686
31341
42342
12987
21959
61937
22750
47924
60249
22777
61614
74706
69778
36863
46452
88733
91672
10372
35738
92451
55868
85532
38268
44196
66062
3640
26132
20384
6256
18099
83006
18107
76962
79304
81887
29827
45882
46178
41047
82986
74818
96595
63413
81188
45492
1372
27507
62872
86433
63121
12946
30555
35240
43168
44681
35288
17854
42618
66004
63857
13686
42184
67317
31751
31747
26006
97786
25980
83063
10259
58438
96214
46084
42587
11612
91035
16277
10445
10931
78117
45390
58165
52956
89055
35962
17893
97815
41579
99717
32611
52862
10174
63366
30902
83013
71978
206
54485
82442
76835
96770
42013
1944
69641
65469
16965
68840
425
58086
9346
63447
38592
24447
76444
97070
94261
49122
15308
13409
15895
84295
44891
15699
82370
52509
3349
46049
58844
34618
46374
24932
30526
21033
1758
22625
83427
91109
44297
677
26120
91479
38446
40126
85851
44088
6495
93783
58072
78623
71339
10239
62063
55795
98333
85439
74088
38458
7807
26055
87649
59096
67966
63921
51376
49277
16192
70395
58523
98278
65934
8513
2098
7463
3647
90469
19218
79570
93446
31976
81952
26278
54997
54832
2177
93109
63541
1190
32907
57713
6714
55839
26976
37251
16506
26470
2030
93060
3180
43198
22911
24578
75220
92208
26901
86543
44488
21577
38951
31203
66850
38157
97040
80923
90549
33944
3516
93876
36347
12632
21248
15084
26602
41765
15728
58411
397
41885
21743
42906
67313
132
30462
36308
38821
54901
24952
94084
50815
72819
46382
22615
87773
30603
68147
30207
86279
71900
39342
49291
84803
86289
24578
2813
12232
98612
23538
27955
40062
67795
18892
89846
21469
95361
16876
8969
99093
52977
29003
22430
65679
86005
46850
22084
49797
85809
71545
7319
68952
27169
32760
32263
75140
7235
61542
11719
56306
11620
45372
53115
85815
75334
88248
20822
65024
48288
71730
40576
23639
34625
74855
14328
22815
98984
84998
3801
28576
20148
26143
77611
70836
96201
41193
78089
4362
39065
19959
57011
84104
87970
5639
9340
33166
8096
74445
97121
77181
75522
50746
88293
38752
84247
28728
43811
81997
31791
56289
87769
58779
42550
41543
68139
48124
84755
75740
62182
90592
91817
76446
7796
44535
84627
19063
54628
658
14933
69512
95875
90207
11985
22986
7953
60315
98735
17420
50208
9540
17768
20869
34117
43563
74774
41713
35136
49258
22060
21758
76586
89457
31108
65840
59273
49362
86800
9953
79365
77458
30921
88530
68337
97024
83280
81915
45232
95866
63013
10961
36045
26772
9791
91681
47993
73380
11919
17339
41665
74429
13992
25963
43581
2878
58503
77124
60613
36211
6193
70305
10923
29194
20958
28707
84810
1304
48293
83902
15311
41788
46552
1103
60616
58317
2303
43962
52150
83015
34932
79365
39744
87483
66750
92629
88111
91612
69246
7548
36310
40838
71411
89669
45616
52665
67435
51913
14019
75272
61613
10411
49854
97881
10952
91504
66604
72276
94124
87664
35665
5190
79514
45759
11870
6859
28950
41451
7655
44453
28553
12111
40781
51532
3556
60577
70373
78103
95723
38792
11092
91943
50024
74421
59802
82487
76385
59560
49925
74297
51392
23301
73818
25714
58951
6792
94030
74672
23534
61246
62236
79399
15351
7700
12195
95683
84604
45494
99469
17102
30467
19986
80883
94573
87914
24081
1564
21125
18644
92446
85780
17300
70988
91026
98488
69312
47262
64978
87091
93028
11670
53853
35013
47840
47187
6459
13606
92380
62627
26539
98643
23214
68302
20547
64774
23002
92687
90490
80834
39714
87791
41350
76729
21096
51653
94021
90913
81955
6069
20534
66488
35340
96794
77580
11998
69994
89011
10159
73747
13334
29759
3547
2672
23342
227
81404
75829
16197
12476
12829
83809
23574
60906
94929
89032
61691
10970
23854
38101
2813
47447
43662
17054
63481
50575
54946
5172
40224
52544
10276
68353
13670
95036
65982
38316
25787
98089
49708
40715
50507
95929
85510
28975
61587
68011
74432
90902
54514
46000
33779
69709
29587
59968
16215
61874
78865
96111
26927
94045
66608
60728
76781
52099
84519
42078
22110
65324
17178
99256
49521
2846
60908
61838
18752
6204
62888
96251
88296
78373
10745
87196
8712
52587
41654
11174
40273
78164
93793
17148
79658
86461
80296
68640
37920
40418
63396
18461
66840
55826
14415
27042
34045
50233
98636
12141
40695
73320
991
5286
680
49358
86666
34169
74366
39120
38628
24822
68680
39457
55754
43916
47143
85634
74119
27856
63125
15775
60016
43900
57126
97299
56686
57700
53517
51375
32305
37461
52661
18313
96502
36762
43482
83494
60332
69790
67685
74406
34328
30235
18957
60422
21453
53139
79925
98186
69062
777
37154
59541
39331
71417
84661
87875
48710
79100
11897
64517
64960
67152
94925
15885
67163
35692
66645
69114
55390
66484
39852
49395
105
35847
54060
87179
14120
13506
15287
79318
98535
20636
62173
90030
50396
68882
99180
77605
78938
3693
93201
61147
89856
66755
32327
15662
10840
27581
61507
82010
24094
90149
57824
22401
77993
64797
65694
48269
41264
31797
41825
43090
35928
50463
58496
15733
53218
61426
52940
50951
14519
73386
88751
59759
33934
18940
99263
79655
41493
49
96683
5916
52524
55207
12282
48558
58502
70367
69783
45087
4828
32155
20085
77836
81306
28697
99226
11271
88592
84082
23403
17139
1618
67705
43097
64860
74576
12402
82022
80128
95507
84392
85721
91563
39484
86130
73649
18514
48829
5483
45350
66614
38337
59823
82091
74014
19254
86290
73852
61696
25025
50674
82106
13156
75526
24116
49087
39068
12708
14817
27147
89820
35080
86968
88756
10761
84389
73745
80470
21168
1844
43132
76469
7607
1198
49686
1405
61861
91843
58589
74322
10720
68235
70600
37985
19750
1590
43289
11071
11228
67263
59083
41380
90242
25537
44286
46914
86414
12989
93534
73650
44399
73124
70611
9575
44179
58402
10349
95016
73633
17301
71534
57777
51725
69255
64098
22244
23379
97582
51943
19533
93517
3438
27224
10059
63984
37941
80100
8724
63398
1903
50223
33500
73427
17993
87171
69558
3933
79329
51021
35001
91843
29648
30064
29079
81504
50900
83250
13502
61492
42633
17371
72718
56873
66448
39594
6312
49633
23147
76276
43257
94941
63541
35424
27206
66609
29419
26
54381
90842
92625
56981
90720
46039
79854
79099
94848
82047
68037
9013
11961
13853
88698
88496
87711
35247
44502
57859
26069
52502
26001
36336
68007
99089
9657
1729
34933
16195
67039
69296
23995
53589
86088
54810
78464
96997
77666
81385
64757
61908
99695
69381
68358
43236
28678
11850
68297
15823
98054
78165
9809
54913
98537
96705
50216
37085
64244
86046
47450
94275
39193
77807
22513
46479
49563
23391
50812
23976
88816
26915
77711
521
87511
86974
3943
4049
14952
60605
81227
82795
6731
34122
67482
18101
63557
51456
44901
87753
96380
56761
4143
78802
57625
4393
7681
61849
62408
11354
99413
25040
91802
60483
52481
45268
55942
64678
19745
78892
23129
13597
29218
15769
49838
55059
32954
28591
87554
95570
39778
17829
74875
75097
30274
52297
66756
50650
6099
1347
56138
88719
76389
14032
39319
21223
41102
27075
46310
18858
12097
38028
84944
36351
97920
75101
39738
73720
21164
17325
22367
87401
87931
10329
55580
21937
8353
62634
36278
38949
83509
47258
63215
35009
90234
91982
11409
98257
65685
3930
62349
89097
80919
17374
13151
55216
94825
23820
5131
44346
387
82641
83371
1423
86228
36866
60602
21034
49640
86244
21035
73289
96899
88012
34266
18193
94162
14542
50247
92845
73218
50922
23658
33912
77938
79802
43801
17241
94897
71867
98583
37266
67371
19746
37122
78461
13784
13645
97792
81205
90250
12980
33808
76356
40469
64301
55079
688
54642
18881
57251
77901
5833
37216
10692
91947
29670
1583
27939
18754
93589
27542
2697
83265
75522
43257
4090
51700
20371
14143
52372
39843
92629
97440
17946
99318
54818
93672
48695
74139
63422
84780
49877
48053
57517
94988
51878
57661
16067
66719
89848
77483
26992
42849
40128
3344
46841
88675
66814
33388
7400
15414
57116
42951
98209
28473
4737
34905
74879
83919
12957
81640
37286
96926
24202
50027
57551
22006
36345
26874
95480
39246
13043
41408
82237
81882
20212
53120
3844
6241
75908
97712
43817
755
89526
58006
20552
46548
16584
42888
98574
5949
9782
27319
28289
20515
64317
11149
23827
90695
48492
96169
60795
69341
13484
57151
66903
77931
63864
52195
56094
39986
56740
8885
69268
65721
78812
5815
39991
21161
11762
40217
36281
17849
74072
33471
83821
57353
65739
96129
44141
74345
5331
47178
35564
35161
53287
45120
86519
36126
81605
12170
59313
83057
70583
888
95174
33620
71361
88922
96383
85265
51831
26912
51000
81780
73679
38081
46223
43540
26702
32256
73712
87008
18225
83697
2365
99034
76670
48668
15335
431
92176
5582
44146
39693
28357
83591
78403
86421
53171
15943
35624
61913
17748
52843
80647
5878
63235
37820
91980
14949
21819
76476
52233
16249
46181
75710
10259
50440
47785
40024
80508
53967
39498
21610
45263
263
13022
43395
42817
76908
79959
6237
97335
13616
99074
52069
23891
84375
80803
45648
23300
2418
47787
15685
53621
93117
63735
46572
47477
4493
92144
54812
52146
25781
51246
38362
78587
145
69451
24244
87919
32062
36760
94888
48419
37792
51028
94568
93156
11095
71016
99496
55767
53091
42031
39933
93823
42146
48581
42190
87484
57655
30454
25592
69629
70236
62987
56954
14393
82159
27607
18729
26747
46986
12737
7789
2276
78787
1490
14353
65457
85373
44947
8664
55663
99120
88397
18345
69961
27752
97381
90392
39466
31073
84378
99403
98208
6187
43092
93034
75983
18364
85751
31560
41126
71536
36778
47995
1523
12876
82182
25208
54254
70010
39719
31637
43537
57635
8234
16792
51383
621
15188
6091
63799
96251
26917
77827
1852
60286
11132
75722
76413
88570
88915
55477
91527
75233
38239
79019
98654
96671
10302
70257
10079
34076
25716
12878
35572
85302
76955
41868
70079
76045
99878
17200
63119
94702
59128
44452
60796
41940
53934
87015
28600
93806
39742
61023
17570
49951
52433
21597
83039
39443
76579
71990
17592
18136
72652
66419
73777
86221
43040
23557
72421
12291
90046
79147
49635
23934
42588
34729
37557
46758
24897
86102
58992
96131
4208
14100
20410
47370
84385
2073
23975
54269
23147
13113
31479
47725
49686
83554
31715
97873
77225
71988
53845
59385
7642
2469
21290
86501
23119
13292
91715
45398
36137
25897
68246
55900
7076
44229
85349
44880
13056
80059
62395
28567
15099
77659
20938
15213
7113
92083
3929
3972
64991
63921
31814
3256
35027
82731
1330
53388
7343
6356
77977
12775
31869
68377
98650
21109
80791
91645
92385
99001
60285
55869
94966
25164
67528
67268
62320
8537
31346
75013
83729
72734
99515
72754
4377
33898
41378
51051
57475
91823
48307
27083
26492
73630
48451
98976
73763
63756
36867
12735
87635
92575
29954
14373
87491
52604
24775
19761
2128
62127
90327
506
80923
95585
23400
84077
80365
18363
5522
73374
81893
6210
58528
28739
92977
74384
26286
26783
7865
88118
48918
38827
14637
13578
23857
61721
7283
9227
84807
63370
45713
42156
25566
9234
82984
27249
76845
38651
92947
61368
61097
72799
37982
41874
15219
97325
94898
10638
83970
2920
1765
30546
18169
8096
98400
17899
61520
6552
21813
10596
83647
47317
31588
49163
64062
74476
80069
70638
4641
57609
84205
6956
36551
47271
31958
8306
17714
79754
2292
55586
19709
91446
60287
15240
27879
43795
6786
92554
68941
83139
91065
32508
48129
2231
43181
70739
94552
11032
69387
59656
67386
52855
36709
23404
34867
2149
8660
86043
78394
52322
8969
46346
36198
77243
91826
72476
78588
86945
82662
11451
77361
14068
33358
16029
58526
32880
37161
67592
74771
99068
36585
23277
49215
22035
57335
14921
15743
52729
61687
43384
98242
72115
52588
9582
59762
71702
15206
46315
54730
19383
20247
50645
57823
20188
67069
31785
19526
3576
33736
32165
99537
95767
15424
45503
26529
89373
45730
37356
99266
5677
16196
70403
90848
30527
10433
50512
63174
20240
39105
41361
42945
35879
43483
82914
9405
77637
71912
74042
88504
28578
15646
33329
39848
17907
19706
78926
21441
21379
49074
72736
45426
55855
90751
11425
97517
97338
37730
55171
75250
33743
18979
81330
18109
53107
27343
4578
26090
87747
6311
35988
62964
53512
8323
14467
95602
39286
72364
54415
6265
57552
53563
27539
85031
8602
12063
11317
24431
96378
65084
29520
71830
41055
66670
51733
64669
51319
14820
84774
38643
55402
189
15408
49848
19707
50662
88223
18459
60923
4429
33870
69140
54456
74409
61953
41182
22426
38774
54084
96148
99251
73469
33441
88725
12898
90174
21713
76046
21725
23462
32081
81457
52248
4271
24439
27416
18090
82694
3497
8100
18001
36816
11775
66141
40815
90050
64889
49287
28990
131
88625
88559
1497
6081
13798
7182
8787
53826
51853
33013
25142
48633
35610
39447
65458
12148
10827
80877
99317
66633
33145
73789
79014
11419
15724
2271
98684
54480
87879
26550
15479
85015
16262
32806
64213
20475
64718
80277
49170
89053
31431
12315
65166
50381
42320
37642
58025
31661
35095
83568
55914
6319
64132
39589
58947
46955
33763
74683
16666
64404
31657
81010
369
32322
37413
66295
44077
26403
73588
42034
38771
64113
81
84858
22469
63793
14028
28146
9915
15673
65421
35954
18927
82358
12103
47370
66793
31787
27673
63334
55162
5779
14674
57741
83094
50638
69972
1417
77334
20686
74063
9593
59069
83266
52922
58747
62049
23615
29507
75932
96647
46437
85681
40516
53911
11442
97625
24239
837
4589
58155
45749
31771
85411
17165
71164
70658
62617
32490
64052
57951
12421
72752
69960
52651
81223
37478
36948
35556
97462
23561
88578
86148
50452
12109
14864
57469
78797
72252
58698
24840
97563
82749
15644
87535
84387
58241
35098
73316
73532
82253
81346
17069
61616
54300
59498
44942
33472
68629
19326
47306
27422
59232
64778
29301
2592
50840
87575
63452
4212
72862
51696
29444
55603
52840
42972
57581
36563
59792
48948
35202
75031
81592
85912
34625
40056
2553
17831
30180
70133
93610
34859
29901
90440
19262
56925
42714
59693
71765
16290
89352
8146
21547
78712
40202
79132
11811
29638
91890
97470
46238
46408
67191
89273
36552
40514
85617
86677
8200
67432
59033
21224
44261
4439
20686
62381
7704
10430
47878
27784
81692
6064
70549
9756
49290
98161
3064
99015
58810
2324
4193
61384
99670
46556
99702
19612
78455
20079
61663
60715
34970
48110
25065
77144
70455
12943
76488
23746
82002
57351
99108
92725
10035
73462
46303
42619
98592
42270
46350
178
88208
34865
11844
34051
36197
2732
84192
76511
38000
97721
35914
85478
8660
30768
89651
16826
87809
86622
12663
68487
29983
71680
16302
27084
28004
60645
2650
71968
29191
11766
10856
19341
94252
44059
99132
75879
2293
42241
20365
78102
10153
12803
43407
58710
20872
21132
90655
90429
56578
97256
92896
51795
49874
71854
79374
8449
3380
97557
13050
3246
9576
41153
44973
72565
84698
70951
72085
76958
60557
40885
13761
99258
17897
8342
27171
54999
55935
5029
29815
37317
18422
12912
75512
50542
48694
95719
25890
96960
45162
95973
41304
40424
46680
47347
74995
86538
48409
7047
72506
95137
16346
46598
73928
26755
55358
29329
8380
97990
75629
3098
17876
54539
74126
61649
67631
88892
58951
43372
91825
9014
59812
49041
82199
48740
60325
38595
12631
91066
33142
72369
68534
59861
60536
21477
42328
75535
23156
37722
23565
1923
62228
80919
54997
12707
48053
88603
99639
88156
80739
34400
83125
39434
18836
60912
79292
49946
58413
37426
4274
22357
39266
14083
64044
73674
18657
69028
3016
92904
3585
12666
77492
81170
10851
48834
74297
6930
59817
32638
55183
52806
8146
39775
61261
7717
7597
21064
54768
36442
44096
74185
86256
4668
64673
68548
13039
65721
1558
99217
76259
75317
47199
28849
43369
27822
1457
40023
60805
70349
12091
42795
50827
95972
39618
10379
73986
2370
47986
73656
99601
84620
26806
95012
25925
21278
21872
81594
60463
24160
3072
61058
68339
85950
47288
4621
30024
31882
47465
87980
22880
85072
34625
71236
31246
68335
45719
23015
41192
61228
23673
19099
22346
22801
3654
79590
82433
46441
29927
44437
52159
14824
78580
88511
81063
34838
65248
47446
33887
33186
9082
61549
84488
62097
1713
23539
36920
21830
96164
74529
91813
30207
36991
47658
15303
16635
88743
357
77691
4131
94695
15462
46952
94597
14650
43640
7874
37882
72811
42918
73362
76144
17175
10672
49110
65193
1527
73198
76224
45930
83894
6731
63623
13587
87446
40054
72341
83734
23435
93301
66659
47310
98705
93629
42329
861
88707
6397
66995
66406
17965
1300
38157
46777
26985
13555
96486
46203
12618
21484
130
53580
79361
59966
11805
32074
3847
40700
10090
90753
64257
76072
40134
55720
39387
34755
5650
15372
16667
45842
56680
68607
16567
87667
86504
79821
77033
6519
56992
69178
21445
98083
65757
67526
44291
79073
13051
78190
48680
50989
23892
66903
40866
16742
36763
23278
88454
95206
90265
15355
28989
5078
97148
47455
60539
60361
95793
11487
89623
92447
95571
35685
43010
8658
57409
68351
16589
45429
64413
31123
75204
37892
31141
86850
30520
9786
63981
51433
35104
98568
10044
94443
19713
14064
2249
19424
33790
13358
76091
63258
8333
16964
27604
74957
68985
27919
51612
66592
78927
48341
55057
18831
65050
46623
64711
98871
36589
99888
34503
89454
60696
98686
57961
30050
74698
25019
27348
2183
59916
4801
36309
31959
51547
85406
22227
51194
33371
84242
35454
76895
41890
87679
28368
96391
52686
23081
92588
42782
53309
65864
8870
99041
65693
42575
88625
54324
6849
79925
55764
56241
34955
92475
17482
21875
19499
47274
98066
6769
59237
82588
59148
91811
45730
41164
76134
96403
11807
96227
89860
71752
38827
95916
60268
20402
50113
17658
63308
89782
92683
99513
16091
39190
29096
27537
71827
17003
38018
5036
50402
99857
85692
40615
36228
89267
4135
32398
35571
12486
6776
86057
42290
74724
46128
28241
2721
15165
751
90155
12367
78324
44024
91494
78185
96080
27110
77696
61972
66312
12662
94787
40142
28295
67800
85142
60615
24839
96305
70398
33289
91691
78710
54029
77655
10812
39681
43861
14963
44225
35779
17989
73632
41995
75040
17127
59199
14760
56435
56502
86763
48898
880
93901
87781
11410
45776
10827
51578
16654
68956
49816
19569
90135
37339
94161
80107
23188
75042
12108
11386
17534
18078
95977
30458
9433
86247
44884
47167
37012
80622
38776
64862
90715
15829
59631
93178
91745
86057
10228
51554
1958
62751
12384
36524
75132
73270
48281
34055
98880
27797
31064
38490
59433
37107
63748
84098
77924
22083
67488
4621
65041
64407
40785
73950
50439
32209
63438
34240
30809
62901
45262
51555
12099
66352
97465
52962
28236
48700
41532
50387
86778
3654
32902
56224
32492
82145
49947
53926
59917
61882
77873
54584
24414
8045
20748
89645
41484
68878
54273
3202
66864
42959
4745
39676
26296
84464
77232
72884
38466
23083
65020
46086
39919
35446
10140
32229
61750
97046
97818
7183
25225
93598
81898
90059
94968
88146
42951
64879
58112
31790
61002
98686
87348
2364
13587
13259
41807
23299
99713
66179
39139
88684
2291
18687
49163
71695
4565
45518
90149
60875
65721
24687
62725
35013
3662
44970
69637
41998
10324
43704
66986
59765
27914
1885
96905
32148
94218
71794
89674
31697
72392
40810
82241
56584
96341
91114
75682
90836
38496
47826
9301
78615
33385
76809
26223
24399
13734
74261
33754
89086
89623
36607
57962
68774
54426
43495
3698
51561
20870
365
80519
26302
35071
8113
64262
38947
72608
61603
95212
83565
18385
5640
45825
47929
85210
80139
67567
23353
32909
31447
20373
87836
74566
74456
80400
21567
31626
63804
55654
9382
32099
83605
31328
40308
95979
1752
61752
68634
45721
23864
26663
44284
90361
3087
62611
73459
93251
7473
40789
17877
68025
34597
16006
6324
52972
64505
8977
10050
34440
18886
54336
8964
43420
98707
82866
17381
95043
34272
54296
2021
44148
7293
86654
6166
88341
53912
13469
64837
91341
4000
98016
82567
68391
11610
15228
6158
84654
89066
6942
80351
11277
12830
73090
86083
41086
21043
20570
37502
37510
49920
11651
65679
49080
66863
91526
1668
48713
72997
85810
80143
36499
74630
99639
10471
68238
40210
81578
36158
42272
497
43264
82757
90620
34137
18739
73269
37511
87351
36705
46639
3802
77162
48244
5152
14468
37043
80467
45199
3208
65030
92020
26431
39490
60088
20395
93995
27119
75099
32688
3468
88688
32064
95985
68059
32362
69465
6357
3731
30156
62236
37208
54963
13157
10885
50305
794
88256
40182
11976
32480
23082
5520
17530
82358
71586
55448
54049
61538
41584
83083
19616
87086
48518
70672
25794
38965
40397
54584
13626
37962
53949
46216
58321
29556
32581
72342
49639
15024
60886
44544
17915
96795
61006
8819
23430
5145
89405
52044
64712
34629
63936
76564
23984
30574
95455
41295
44826
34452
36338
46445
5024
72268
5359
64171
93821
86618
81555
224
82637
8412
55867
52628
44375
80654
37307
65657
79667
76416
14383
66452
21025
78596
41378
51871
7457
89817
830
46930
94028
5264
42425
86492
8129
61840
18417
51853
26143
75947
80206
98084
48257
6567
54323
233
87183
75661
52142
44989
36746
51811
53092
39155
96456
46644
14979
32569
90715
95168
4073
21898
43808
49029
52693
93495
3106
26269
535
54131
16646
15380
60901
98484
63628
21341
90252
81652
16568
82010
78738
74610
62439
7434
10167
39109
70937
10419
50491
66903
49911
66263
55892
92479
48800
32536
21055
31174
79561
74416
41866
46638
23018
82603
97280
81271
99174
1985
88507
72948
86554
41689
17706
92494
33158
15252
44989
64609
61105
80736
29130
18026
23123
15691
70283
38210
73538
11163
80955
80931
88730
42254
55358
56174
88520
25514
55858
47837
23306
94023
81448
6260
20647
99652
79600
6549
18177
83591
52293
76650
30821
99572
74613
69509
63992
90571
23430
63208
24404
73655
47146
73862
75864
57817
29127
53091
47456
22570
60566
37312
3422
77102
64041
79219
55237
65978
48976
53091
38635
7972
8981
34505
75105
21569
9674
37137
47628
43227
69229
50083
42429
72232
54046
3189
8616
10533
40306
10048
2488
78064
40708
91788
91949
77219
43591
74252
72647
48270
49985
64788
55288
14744
35444
48136
84394
77394
31979
45302
7887
77671
81348
53768
83437
45589
25561
20285
37037
30609
8738
76387
75096
6939
69575
8678
24375
43219
18155
40787
92384
61613
86479
3635
18639
83886
9724
76069
93345
29451
65108
42738
54427
71665
24377
52014
79325
65522
65343
3521
36594
40606
63465
55486
49125
6328
93292
66744
5322
44222
66248
8786
87580
1282
23875
9151
87756
16980
42740
55652
95330
64458
48948
34349
39374
93840
84137
13547
54344
73048
91512
2336
20796
43921
7629
7210
86716
55019
73192
3573
84848
36154
47401
9127
70814
32689
6961
86980
42501
29559
30111
25934
58351
43758
87179
75677
48891
51396
62696
3163
88125
94597
51693
50748
98529
18298
83697
54453
71789
34634
4524
10136
6175
1365
77531
52185
62607
40690
81536
32086
99855
7395
47301
54887
16086
71412
99533
37894
52407
29812
31937
46384
36204
56724
73772
63972
63229
73845
29237
53448
42131
5278
22785
15467
39821
45834
83690
9276
235
66239
62098
10464
93330
54484
81455
31434
31845
64312
9828
25902
94907
34183
86045
35122
16087
33036
34203
33351
4890
58997
38957
42884
51058
11643
41341
65217
89038
7218
13335
44804
81418
6071
30384
63655
25883
48903
59166
61215
42467
49478
59794
29774
92884
15709
64099
66634
83448
10392
41959
19873
32039
81532
81340
39638
4574
26762
15140
31664
63489
20620
90878
44180
32862
72262
36687
90845
9170
2515
21409
85294
10940
44398
49712
94708
25330
12530
23994
39880
9655
99123
87328
93554
74745
24485
34654
93675
31342
38834
56769
22719
96537
44450
10792
63308
72870
38519
8598
49813
71094
3463
30792
85800
97170
58130
42296
29194
98316
17380
18025
18187
51351
92754
19354
27801
2010
46687
51863
23637
31597
6086
14839
5259
18552
69547
65990
69910
51595
28135
26339
58371
11719
74567
13867
91421
61671
98847
92382
57949
3050
86784
90862
26840
67353
76740
90668
12673
19410
60733
69755
27736
15386
3560
99407
36654
23647
89697
76713
2528
17167
16395
56721
32889
40425
11157
40733
31178
94594
43718
75236
58234
36318
96279
35029
58673
38083
90761
7422
18756
95891
88051
70122
42341
41701
38121
75911
25525
15532
45370
5177
86047
10360
16964
95176
81893
15800
94069
8704
78102
20316
25887
30514
28934
5974
24933
59094
2008
25748
46172
69187
22980
7905
16474
90163
45353
48626
64289
92391
15468
95096
17603
95170
85947
32977
43122
69061
4367
73780
36642
49394
33984
27000
82119
32618
2181
97394
11041
60013
61258
44738
11497
20380
13048
74851
60219
60752
54173
24617
52037
3800
9276
19249
77229
47474
88081
16641
31876
27587
3909
10472
70158
4405
64130
70280
35741
35038
75311
89055
53049
83873
92426
72995
3436
241
60410
96894
94977
69635
1181
78872
90295
8044
82241
3012
16026
77765
13252
48495
28349
16901
56579
28876
62455
93312
39317
32999
84926
89957
11247
71211
21573
